#echo 20 arguments at the same time many times
echo 1 2 3 4 5 6 7 8 9 10 11 12 13 14 15 16 17 18 19 20
echo 1 2 3 4 5 6 7 8 9 10 11 12 13 14 15 16 17 18 19 20
echo 1 2 3 4 5 6 7 8 9 10 11 12 13 14 15 16 17 18 19 20
echo 1 2 3 4 5 6 7 8 9 10 11 12 13 14 15 16 17 18 19 20
echo 1 2 3 4 5 6 7 8 9 10 11 12 13 14 15 16 17 18 19 20
echo 1 2 3 4 5 6 7 8 9 10 11 12 13 14 15 16 17 18 19 20
echo 1 2 3 4 5 6 7 8 9 10 11 12 13 14 15 16 17 18 19 20
echo 1 2 3 4 5 6 7 8 9 10 11 12 13 14 15 16 17 18 19 20
echo 1 2 3 4 5 6 7 8 9 10 11 12 13 14 15 16 17 18 19 20
echo 1 2 3 4 5 6 7 8 9 10 11 12 13 14 15 16 17 18 19 20
echo 1 2 3 4 5 6 7 8 9 10 11 12 13 14 15 16 17 18 19 20
echo 1 2 3 4 5 6 7 8 9 10 11 12 13 14 15 16 17 18 19 20
echo 1 2 3 4 5 6 7 8 9 10 11 12 13 14 15 16 17 18 19 20
echo 1 2 3 4 5 6 7 8 9 10 11 12 13 14 15 16 17 18 19 20
echo 1 2 3 4 5 6 7 8 9 10 11 12 13 14 15 16 17 18 19 20
echo 1 2 3 4 5 6 7 8 9 10 11 12 13 14 15 16 17 18 19 20
echo 1 2 3 4 5 6 7 8 9 10 11 12 13 14 15 16 17 18 19 20
echo 1 2 3 4 5 6 7 8 9 10 11 12 13 14 15 16 17 18 19 20
echo 1 2 3 4 5 6 7 8 9 10 11 12 13 14 15 16 17 18 19 20
echo 1 2 3 4 5 6 7 8 9 10 11 12 13 14 15 16 17 18 19 20
echo 1 2 3 4 5 6 7 8 9 10 11 12 13 14 15 16 17 18 19 20
echo 1 2 3 4 5 6 7 8 9 10 11 12 13 14 15 16 17 18 19 20
echo 1 2 3 4 5 6 7 8 9 10 11 12 13 14 15 16 17 18 19 20
echo 1 2 3 4 5 6 7 8 9 10 11 12 13 14 15 16 17 18 19 20
echo 1 2 3 4 5 6 7 8 9 10 11 12 13 14 15 16 17 18 19 20
